image_width: 1920
image_height: 1280
camera_name: camera
camera_matrix:
  rows: 3
  cols: 3
  data: [859.6767270584465, 0.000000, 916.2221759734231, 0.000000, 970.6574047708339, 644.6715355648768, 0.000000, 0.000000, 1.000000]
distortion_model: plumb_bob
distortion_coefficients:
  rows: 1
  cols: 5
  data: [0.15506217982374806, 0.10702868343806787, -0.09462288945311098, 0.04805337004929584, 0.000000]
rectification_matrix:
  rows: 3
  cols: 3
  data: [1.000000, 0.000000, 0.000000, 0.000000, 1.000000, 0.000000, 0.000000, 0.000000, 1.000000]
projection_matrix:
  rows: 3
  cols: 4
  data: [859.6767270584465, 0.000000, 916.2221759734231, 0.000000, 0.000000, 970.6574047708339, 644.6715355648768, 0.000000, 0.000000, 0.000000, 1.000000, 0.000000]
