image_width: 1920
image_height: 1280
camera_name: hdr_cam_front
camera_matrix:
  rows: 3
  cols: 3
  data: [612.1839626116123, 0.000000, 1016.1836308164424, 0.000000, 600.2954781717882, 671.9865842689532, 0.000000, 0.000000, 1.000000]
distortion_model: radtan
distortion_coefficients:
  rows: 1
  cols: 4
  data: [-0.16434127415921757, 0.026880263864339487, -0.004791904119364893, 0.0007664970542509745]
rectification_matrix:
  rows: 3
  cols: 3
  data: [1.000000, 0.000000, 0.000000, 0.000000, 1.000000, 0.000000, 0.000000, 0.000000, 1.000000]
projection_matrix:
  rows: 3
  cols: 4
  data: [859.6767270584465, 0.000000, 916.2221759734231, 0.000000, 0.000000, 970.6574047708339, 644.6715355648768, 0.000000, 0.000000, 0.000000, 1.000000, 0.000000]
