image_width: 1920
image_height: 1280
camera_name: hdr_cam_rear
camera_matrix:
  rows: 3
  cols: 3
  data: [519.0792730937605, 0.000000, 958.2885412364923, 0.000000, 510.9419500565341, 642.6229801311234, 0.000000, 0.000000, 1.000000]
distortion_model: radtan
distortion_coefficients:
  rows: 1
  cols: 4
  data: [-0.17136854419240072, 0.029748936147905882, -0.0016350473710201557, -0.0021540630746065955]
rectification_matrix:
  rows: 3
  cols: 3
  data: [1.000000, 0.000000, 0.000000, 0.000000, 1.000000, 0.000000, 0.000000, 0.000000, 1.000000]
projection_matrix:
  rows: 3
  cols: 4
  data: [859.6767270584465, 0.000000, 916.2221759734231, 0.000000, 0.000000, 970.6574047708339, 644.6715355648768, 0.000000, 0.000000, 0.000000, 1.000000, 0.000000]
